7.014259259259259
7.716666666666667
5.662037037037037
5.625
5.974259259259259
7.016111111111111
4.826851851851852
4.707222222222223
4.493333333333333
4.311111111111111
3.6903703703703705
4.4131481481481485
4.0290740740740745
3.5457407407407406
3.817962962962963
3.1535185185185184
4.054444444444444
3.757222222222222
3.7874074074074073
2.8355555555555556
2.99
3.0544444444444445
3.20962962962963
3.513148148148148
2.615
2.6657407407407407
2.363888888888889
2.5772222222222223
2.3255555555555554
2.3487037037037037
