11.60074074074074
8.88
6.61537037037037
5.956666666666667
8.440740740740742
7.091851851851852
7.545555555555556
6.081296296296296
7.471851851851852
5.210925925925926
6.885
4.836111111111111
6.027777777777778
5.143888888888889
6.472222222222222
5.196481481481482
5.811481481481482
5.814259259259259
5.024814814814815
5.291111111111111
4.572222222222222
5.087037037037037
8.051111111111112
5.2031481481481485
4.752407407407407
4.872777777777777
5.367962962962963
4.8842592592592595
4.464814814814815
4.092592592592593
4.001666666666667
4.276296296296296
3.8133333333333335
4.053518518518518
3.926111111111111
4.687777777777778
3.907962962962963
3.888888888888889
3.5148148148148146
5.438703703703704
4.899074074074074
3.592962962962963
3.6244444444444444
3.6572222222222224
3.4251851851851853
3.9137037037037037
4.003333333333333
3.3094444444444444
3.6735185185185184
4.08425925925926
3.35462962962963
3.247777777777778
3.292777777777778
3.52
3.437962962962963
3.6214814814814815
3.330740740740741
3.3194444444444446
3.8137037037037036
3.1242592592592593
3.6824074074074074
3.303703703703704
3.0735185185185183
2.973148148148148
3.226111111111111
2.9605555555555556
3.229074074074074
2.806111111111111
2.985925925925926
2.9114814814814816
2.9224074074074076
2.9744444444444444
2.988703703703704
2.959074074074074
2.912037037037037
2.6527777777777777
2.5553703703703703
2.3903703703703703
2.85037037037037
2.770925925925926
2.9996296296296294
2.56
2.6931481481481483
2.692962962962963
2.538148148148148
2.926296296296296
2.745185185185185
2.8016666666666667
2.9762962962962964
2.5635185185185185
2.4835185185185185
2.808148148148148
2.5053703703703705
2.4701851851851853
2.6057407407407407
2.190185185185185
2.5605555555555557
2.449074074074074
2.7242592592592594
2.0974074074074074
