-43532.0
-36105.0
-22546.0
-19580.0
-30868.0
-25745.0
-28334.0
-19771.0
-28108.0
-17154.0
-24696.0
-15846.0
-21172.0
-16782.0
-22351.0
-16708.0
-19825.0
-20103.0
-16944.0
-17467.0
-14967.0
-16077.0
-24391.0
-17464.0
-15293.0
-15928.0
-18181.0
-15559.0
-13357.0
-11796.0
-12307.0
-12202.0
-11537.0
-12846.0
-11063.0
-13068.0
-10796.0
-11200.0
-9178.0
-16575.0
-15448.0
-9045.0
-10155.0
-9396.0
-9623.0
-11523.0
-11517.0
-8316.0
-10483.0
-12707.0
-8618.0
-9134.0
-8268.0
-9089.0
-6980.0
-9864.0
-8224.0
-9038.0
-9403.0
-7761.0
-8318.0
-8322.0
-7550.0
-7633.0
-8426.0
-7046.0
-7733.0
-7008.0
-6764.0
-6721.0
-6671.0
-7322.0
-7223.0
-6676.0
-7627.0
-5405.0
-5569.0
-5353.0
-7145.0
-6576.0
-5804.0
-5847.0
-6007.0
-6131.0
-5384.0
-5617.0
-5286.0
-6425.0
-7363.0
-5877.0
-5644.0
-5883.0
-5566.0
-4814.0
-6015.0
-4285.0
-4988.0
-4896.0
-4911.0
-4584.0
