62644
47952
35723
32166
45580
38296
40746
32839
40348
28139
37179
26115
32550
27777
34950
28061
31382
31397
27134
28572
24690
27470
43476
28097
25663
26313
28987
26375
24110
22100
21609
23092
20592
21889
21201
25314
21103
21000
18980
29369
26455
19402
19572
19749
18496
21134
21618
17871
19837
22055
18115
17538
17781
19008
18565
19556
17986
17925
20594
16871
19885
17840
16597
16055
17421
15987
17437
15153
16124
15722
15781
16062
16139
15979
15725
14325
13799
12908
15392
14963
16198
13824
14543
14542
13706
15802
14824
15129
16072
13843
13411
15164
13529
13339
14071
11827
13827
13225
14711
11326
